   3.9999987e+01   0.0000000e+00
   3.9979987e+01   0.0000000e+00
   3.9959987e+01   0.0000000e+00
   3.9939987e+01   0.0000000e+00
   3.9919987e+01   0.0000000e+00
   3.9899987e+01   0.0000000e+00
   3.9879987e+01   0.0000000e+00
   3.9859987e+01   0.0000000e+00
   3.9839987e+01   0.0000000e+00
   3.9819987e+01   0.0000000e+00
   3.9799987e+01   0.0000000e+00
   3.9779987e+01   0.0000000e+00
   3.9759987e+01   0.0000000e+00
   3.9739987e+01   0.0000000e+00
   3.9719987e+01   0.0000000e+00
   3.9699987e+01   0.0000000e+00
   3.9679987e+01   0.0000000e+00
   3.9659987e+01   0.0000000e+00
   3.9639987e+01   0.0000000e+00
   3.9619987e+01   0.0000000e+00
   3.9599987e+01   0.0000000e+00
   3.9579987e+01   0.0000000e+00
   3.9559987e+01   0.0000000e+00
   3.9539987e+01   0.0000000e+00
   3.9519987e+01   0.0000000e+00
   3.9499987e+01   0.0000000e+00
   3.9479987e+01   0.0000000e+00
   3.9459987e+01   0.0000000e+00
   3.9439987e+01   0.0000000e+00
   3.9419987e+01   0.0000000e+00
   3.9399987e+01   0.0000000e+00
   3.9379987e+01   0.0000000e+00
   3.9359987e+01   0.0000000e+00
   3.9339987e+01   0.0000000e+00
   3.9319987e+01   0.0000000e+00
   3.9299987e+01   0.0000000e+00
   3.9279987e+01   0.0000000e+00
   3.9259987e+01   0.0000000e+00
   3.9239987e+01   0.0000000e+00
   3.9219987e+01   0.0000000e+00
   3.9199987e+01   0.0000000e+00
   3.9179987e+01   0.0000000e+00
   3.9159987e+01   0.0000000e+00
   3.9139987e+01   0.0000000e+00
   3.9119987e+01   0.0000000e+00
   3.9099987e+01   0.0000000e+00
   3.9079987e+01   0.0000000e+00
   3.9059987e+01   0.0000000e+00
   3.9039987e+01   0.0000000e+00
   3.9019987e+01   0.0000000e+00
   3.8999987e+01   0.0000000e+00
   3.8979987e+01   0.0000000e+00
   3.8959987e+01   0.0000000e+00
   3.8939987e+01   0.0000000e+00
   3.8919987e+01   0.0000000e+00
   3.8899987e+01   0.0000000e+00
   3.8879987e+01   0.0000000e+00
   3.8859987e+01   0.0000000e+00
   3.8839987e+01   0.0000000e+00
   3.8819987e+01   0.0000000e+00
   3.8799987e+01   0.0000000e+00
   3.8779987e+01   0.0000000e+00
   3.8759987e+01   0.0000000e+00
   3.8739987e+01   0.0000000e+00
   3.8719987e+01   0.0000000e+00
   3.8699987e+01   0.0000000e+00
   3.8679987e+01   0.0000000e+00
   3.8659987e+01   0.0000000e+00
   3.8639987e+01   0.0000000e+00
   3.8619987e+01   0.0000000e+00
   3.8599987e+01   0.0000000e+00
   3.8579987e+01   0.0000000e+00
   3.8559987e+01   0.0000000e+00
   3.8539987e+01   0.0000000e+00
   3.8519987e+01   0.0000000e+00
   3.8499987e+01   0.0000000e+00
   3.8479987e+01   0.0000000e+00
   3.8459987e+01   0.0000000e+00
   3.8439987e+01   0.0000000e+00
   3.8419987e+01   0.0000000e+00
   3.8399987e+01   0.0000000e+00
   3.8379987e+01   0.0000000e+00
   3.8359987e+01   0.0000000e+00
   3.8339987e+01   0.0000000e+00
   3.8319987e+01   0.0000000e+00
   3.8299987e+01   0.0000000e+00
   3.8279987e+01   0.0000000e+00
   3.8259987e+01   0.0000000e+00
   3.8239987e+01   0.0000000e+00
   3.8219987e+01   0.0000000e+00
   3.8199987e+01   0.0000000e+00
   3.8179987e+01   0.0000000e+00
   3.8159987e+01   0.0000000e+00
   3.8139987e+01   0.0000000e+00
   3.8119987e+01   0.0000000e+00
   3.8099987e+01   0.0000000e+00
   3.8079987e+01   0.0000000e+00
   3.8059987e+01   0.0000000e+00
   3.8039987e+01   0.0000000e+00
   3.8019987e+01   0.0000000e+00
   3.7999987e+01   0.0000000e+00
   3.7979987e+01   0.0000000e+00
   3.7959987e+01   0.0000000e+00
   3.7939987e+01   0.0000000e+00
   3.7919987e+01   0.0000000e+00
   3.7899987e+01   0.0000000e+00
   3.7879987e+01   0.0000000e+00
   3.7859987e+01   0.0000000e+00
   3.7839987e+01   0.0000000e+00
   3.7819987e+01   0.0000000e+00
   3.7799987e+01   0.0000000e+00
   3.7779987e+01   0.0000000e+00
   3.7759987e+01   0.0000000e+00
   3.7739987e+01   0.0000000e+00
   3.7719987e+01   0.0000000e+00
   3.7699987e+01   0.0000000e+00
   3.7679987e+01   0.0000000e+00
   3.7659987e+01   0.0000000e+00
   3.7639987e+01   0.0000000e+00
   3.7619987e+01   0.0000000e+00
   3.7599987e+01   0.0000000e+00
   3.7579987e+01   0.0000000e+00
   3.7559987e+01   0.0000000e+00
   3.7539987e+01   0.0000000e+00
   3.7519987e+01   0.0000000e+00
   3.7499987e+01   0.0000000e+00
   3.7479987e+01   0.0000000e+00
   3.7459987e+01   0.0000000e+00
   3.7439987e+01   0.0000000e+00
   3.7419987e+01   0.0000000e+00
   3.7399987e+01   0.0000000e+00
   3.7379987e+01   0.0000000e+00
   3.7359987e+01   0.0000000e+00
   3.7339987e+01   0.0000000e+00
   3.7319987e+01   0.0000000e+00
   3.7299987e+01   0.0000000e+00
   3.7279987e+01   0.0000000e+00
   3.7259987e+01   0.0000000e+00
   3.7239987e+01   0.0000000e+00
   3.7219987e+01   0.0000000e+00
   3.7199987e+01   0.0000000e+00
   3.7179987e+01   0.0000000e+00
   3.7159987e+01   0.0000000e+00
   3.7139987e+01   0.0000000e+00
   3.7119987e+01   0.0000000e+00
   3.7099987e+01   0.0000000e+00
   3.7079987e+01   0.0000000e+00
   3.7059987e+01   0.0000000e+00
   3.7039987e+01   0.0000000e+00
   3.7019987e+01   0.0000000e+00
   3.6999987e+01   0.0000000e+00
   3.6979987e+01   0.0000000e+00
   3.6959987e+01   0.0000000e+00
   3.6939987e+01   0.0000000e+00
   3.6919987e+01   0.0000000e+00
   3.6899987e+01   0.0000000e+00
   3.6879987e+01   0.0000000e+00
   3.6859987e+01   0.0000000e+00
   3.6839987e+01   0.0000000e+00
   3.6819987e+01   0.0000000e+00
   3.6799987e+01   0.0000000e+00
   3.6779987e+01   0.0000000e+00
   3.6759987e+01   0.0000000e+00
   3.6739987e+01   0.0000000e+00
   3.6719987e+01   0.0000000e+00
   3.6699987e+01   0.0000000e+00
   3.6679987e+01   0.0000000e+00
   3.6659987e+01   0.0000000e+00
   3.6639987e+01   0.0000000e+00
   3.6619987e+01   0.0000000e+00
   3.6599987e+01   0.0000000e+00
   3.6579987e+01   0.0000000e+00
   3.6559987e+01   0.0000000e+00
   3.6539987e+01   0.0000000e+00
   3.6519987e+01   0.0000000e+00
   3.6499987e+01   0.0000000e+00
   3.6479987e+01   0.0000000e+00
   3.6459987e+01   0.0000000e+00
   3.6439987e+01   0.0000000e+00
   3.6419987e+01   0.0000000e+00
   3.6399987e+01   0.0000000e+00
   3.6379987e+01   0.0000000e+00
   3.6359987e+01   0.0000000e+00
   3.6339987e+01   0.0000000e+00
   3.6319987e+01   0.0000000e+00
   3.6299987e+01   0.0000000e+00
   3.6279987e+01   0.0000000e+00
   3.6259987e+01   0.0000000e+00
   3.6239987e+01   0.0000000e+00
   3.6219987e+01   0.0000000e+00
   3.6199987e+01   0.0000000e+00
   3.6179987e+01   0.0000000e+00
   3.6159987e+01   0.0000000e+00
   3.6139987e+01   0.0000000e+00
   3.6119987e+01   0.0000000e+00
   3.6099987e+01   0.0000000e+00
   3.6079987e+01   0.0000000e+00
   3.6059987e+01   0.0000000e+00
   3.6039987e+01   0.0000000e+00
   3.6019987e+01   0.0000000e+00
   3.5999987e+01   0.0000000e+00
   3.5979987e+01   0.0000000e+00
   3.5959987e+01   0.0000000e+00
   3.5939987e+01   0.0000000e+00
   3.5919987e+01   0.0000000e+00
   3.5899987e+01   0.0000000e+00
   3.5879987e+01   0.0000000e+00
   3.5859987e+01   0.0000000e+00
   3.5839987e+01   0.0000000e+00
   3.5819987e+01   0.0000000e+00
   3.5799987e+01   0.0000000e+00
   3.5779987e+01   0.0000000e+00
   3.5759987e+01   0.0000000e+00
   3.5739987e+01   0.0000000e+00
   3.5719987e+01   0.0000000e+00
   3.5699987e+01   0.0000000e+00
   3.5679987e+01   0.0000000e+00
   3.5659987e+01   0.0000000e+00
   3.5639987e+01   0.0000000e+00
   3.5619987e+01   0.0000000e+00
   3.5599987e+01   0.0000000e+00
   3.5579987e+01   0.0000000e+00
   3.5559987e+01   0.0000000e+00
   3.5539987e+01   0.0000000e+00
   3.5519987e+01   0.0000000e+00
   3.5499987e+01   0.0000000e+00
   3.5479987e+01   0.0000000e+00
   3.5459987e+01   0.0000000e+00
   3.5439987e+01   0.0000000e+00
   3.5419987e+01   0.0000000e+00
   3.5399987e+01   0.0000000e+00
   3.5379987e+01   0.0000000e+00
   3.5359987e+01   0.0000000e+00
   3.5339987e+01   0.0000000e+00
   3.5319987e+01   0.0000000e+00
   3.5299987e+01   0.0000000e+00
   3.5279987e+01   0.0000000e+00
   3.5259987e+01   0.0000000e+00
   3.5239987e+01   0.0000000e+00
   3.5219987e+01   0.0000000e+00
   3.5199987e+01   0.0000000e+00
   3.5179987e+01   0.0000000e+00
   3.5159987e+01   0.0000000e+00
   3.5139987e+01   0.0000000e+00
   3.5119987e+01   0.0000000e+00
   3.5099987e+01   0.0000000e+00
   3.5079987e+01   0.0000000e+00
   3.5059987e+01   0.0000000e+00
   3.5039987e+01   0.0000000e+00
   3.5019987e+01   0.0000000e+00
   3.4999987e+01   0.0000000e+00
   3.4979987e+01   0.0000000e+00
   3.4959987e+01   0.0000000e+00
   3.4939987e+01   0.0000000e+00
   3.4919987e+01   0.0000000e+00
   3.4899987e+01   0.0000000e+00
   3.4879987e+01   0.0000000e+00
   3.4859987e+01   0.0000000e+00
   3.4839987e+01   0.0000000e+00
   3.4819987e+01   0.0000000e+00
   3.4799987e+01   0.0000000e+00
   3.4779987e+01   0.0000000e+00
   3.4759987e+01   0.0000000e+00
   3.4739987e+01   0.0000000e+00
   3.4719987e+01   0.0000000e+00
   3.4699987e+01   0.0000000e+00
   3.4679987e+01   0.0000000e+00
   3.4659987e+01   0.0000000e+00
   3.4639987e+01   0.0000000e+00
   3.4619987e+01   0.0000000e+00
   3.4599987e+01   0.0000000e+00
   3.4579987e+01   0.0000000e+00
   3.4559987e+01   0.0000000e+00
   3.4539987e+01   0.0000000e+00
   3.4519987e+01   0.0000000e+00
   3.4499987e+01   0.0000000e+00
   3.4479987e+01   0.0000000e+00
   3.4459987e+01   0.0000000e+00
   3.4439987e+01   0.0000000e+00
   3.4419987e+01   0.0000000e+00
   3.4399987e+01   0.0000000e+00
   3.4379987e+01   0.0000000e+00
   3.4359987e+01   0.0000000e+00
   3.4339987e+01   0.0000000e+00
   3.4319987e+01   0.0000000e+00
   3.4299987e+01   0.0000000e+00
   3.4279987e+01   0.0000000e+00
   3.4259987e+01   0.0000000e+00
   3.4239987e+01   0.0000000e+00
   3.4219987e+01   0.0000000e+00
   3.4199987e+01   0.0000000e+00
   3.4179987e+01   0.0000000e+00
   3.4159987e+01   0.0000000e+00
   3.4139987e+01   0.0000000e+00
   3.4119987e+01   0.0000000e+00
   3.4099987e+01   0.0000000e+00
   3.4079987e+01   0.0000000e+00
   3.4059987e+01   0.0000000e+00
   3.4039987e+01   0.0000000e+00
   3.4019987e+01   0.0000000e+00
   3.3999987e+01   0.0000000e+00
   3.3979987e+01   0.0000000e+00
   3.3959987e+01   0.0000000e+00
   3.3939987e+01   0.0000000e+00
   3.3919987e+01   0.0000000e+00
   3.3899987e+01   0.0000000e+00
   3.3879987e+01   0.0000000e+00
   3.3859987e+01   0.0000000e+00
   3.3839987e+01   0.0000000e+00
   3.3819987e+01   0.0000000e+00
   3.3799987e+01   0.0000000e+00
   3.3779987e+01   0.0000000e+00
   3.3759987e+01   0.0000000e+00
   3.3739987e+01   0.0000000e+00
   3.3719987e+01   0.0000000e+00
   3.3699987e+01   0.0000000e+00
   3.3679987e+01   0.0000000e+00
   3.3659987e+01   0.0000000e+00
   3.3639987e+01   0.0000000e+00
   3.3619987e+01   0.0000000e+00
   3.3599987e+01   0.0000000e+00
   3.3579987e+01   0.0000000e+00
   3.3559987e+01   0.0000000e+00
   3.3539987e+01   0.0000000e+00
   3.3519987e+01   0.0000000e+00
   3.3499987e+01   0.0000000e+00
   3.3479987e+01   0.0000000e+00
   3.3459987e+01   0.0000000e+00
   3.3439987e+01   0.0000000e+00
   3.3419987e+01   0.0000000e+00
   3.3399987e+01   0.0000000e+00
   3.3379987e+01   0.0000000e+00
   3.3359987e+01   0.0000000e+00
   3.3339987e+01   0.0000000e+00
   3.3319987e+01   1.0012235e-05
   3.3299987e+01   1.0120791e-05
   3.3279987e+01   1.0230695e-05
   3.3259987e+01   1.0341963e-05
   3.3239987e+01   1.0454616e-05
   3.3219987e+01   1.0568672e-05
   3.3199987e+01   1.0684152e-05
   3.3179987e+01   1.0801076e-05
   3.3159987e+01   1.0919463e-05
   3.3139987e+01   1.1039334e-05
   3.3119987e+01   1.1160711e-05
   3.3099987e+01   5.0841731e-05
   3.3079987e+01   5.1391575e-05
   3.3059987e+01   5.1948213e-05
   3.3039987e+01   9.1241996e-05
   3.3019987e+01   9.2219299e-05
   3.2999987e+01   1.7220493e-04
   3.2979987e+01   2.1370614e-04
   3.2959987e+01   2.1600075e-04
   3.2939987e+01   2.1832345e-04
   3.2919987e+01   2.5968043e-04
   3.2899987e+01   2.6247235e-04
   3.2879987e+01   2.6529848e-04
   3.2859987e+01   3.0759572e-04
   3.2839987e+01   3.1091297e-04
   3.2819987e+01   3.1427100e-04
   3.2799987e+01   3.1767037e-04
   3.2779987e+01   3.2111167e-04
   3.2759987e+01   3.2459547e-04
   3.2739987e+01   3.2812235e-04
   3.2719987e+01   3.6975461e-04
   3.2699987e+01   3.7375691e-04
   3.2679987e+01   4.5530038e-04
   3.2659987e+01   4.6021384e-04
   3.2639987e+01   5.0488995e-04
   3.2619987e+01   5.1035302e-04
   3.2599987e+01   5.1588341e-04
   3.2579987e+01   5.9761224e-04
   3.2559987e+01   6.8096801e-04
   3.2539987e+01   6.8828734e-04
   3.2519987e+01   7.7412301e-04
   3.2499987e+01   7.8245712e-04
   3.2479987e+01   9.8443326e-04
   3.2459987e+01   9.9498925e-04
   3.2439987e+01   1.0056740e-03
   3.2419987e+01   1.0164891e-03
   3.2399987e+01   1.0669340e-03
   3.2379987e+01   1.1570227e-03
   3.2359987e+01   1.1695016e-03
   3.2339987e+01   1.1821336e-03
   3.2319987e+01   1.1949208e-03
   3.2299987e+01   1.2821627e-03
   3.2279987e+01   1.2960011e-03
   3.2259987e+01   1.3100094e-03
   3.2239987e+01   1.3241898e-03
   3.2219987e+01   1.3773110e-03
   3.2199987e+01   1.5050190e-03
   3.2179987e+01   1.5956888e-03
   3.2159987e+01   1.6894221e-03
   3.2139987e+01   1.8238364e-03
   3.2119987e+01   1.8807628e-03
   3.2099987e+01   1.9397164e-03
   3.2079987e+01   1.9967520e-03
   3.2059987e+01   2.0950880e-03
   3.2039987e+01   2.2294351e-03
   3.2019987e+01   2.2533589e-03
   3.1999987e+01   2.2775740e-03
   3.1979987e+01   2.3415638e-03
   3.1959987e+01   2.4430722e-03
   3.1939987e+01   2.4693963e-03
   3.1919987e+01   2.5354778e-03
   3.1899987e+01   2.6026324e-03
   3.1879987e+01   2.6307937e-03
   3.1859987e+01   2.6593008e-03
   3.1839987e+01   2.6881585e-03
   3.1819987e+01   2.7534184e-03
   3.1799987e+01   2.8195152e-03
   3.1779987e+01   2.8501455e-03
   3.1759987e+01   3.0253783e-03
   3.1739987e+01   3.1653205e-03
   3.1719987e+01   3.2353785e-03
   3.1699987e+01   3.3077282e-03
   3.1679987e+01   3.4937372e-03
   3.1659987e+01   3.7242538e-03
   3.1639987e+01   3.8373972e-03
   3.1619987e+01   4.1057722e-03
   3.1599987e+01   4.2240598e-03
   3.1579987e+01   4.3087350e-03
   3.1559987e+01   4.3551241e-03
   3.1539987e+01   4.4796839e-03
   3.1519987e+01   4.5280240e-03
   3.1499987e+01   4.6161848e-03
   3.1479987e+01   4.7055214e-03
   3.1459987e+01   4.7955955e-03
   3.1439987e+01   4.9212652e-03
   3.1419987e+01   5.0490795e-03
   3.1399987e+01   5.1422016e-03
   3.1379987e+01   5.3030066e-03
   3.1359987e+01   5.3965783e-03
   3.1339987e+01   5.4551142e-03
   3.1319987e+01   5.5852569e-03
   3.1299987e+01   5.7576818e-03
   3.1279987e+01   5.9242117e-03
   3.1259987e+01   6.0591095e-03
   3.1239987e+01   6.1623823e-03
   3.1219987e+01   6.3044023e-03
   3.1199987e+01   6.4849240e-03
   3.1179987e+01   6.6984798e-03
   3.1159987e+01   6.8447741e-03
   3.1139987e+01   7.0365466e-03
   3.1119987e+01   7.1498059e-03
   3.1099987e+01   7.3023546e-03
   3.1079987e+01   7.4943692e-03
   3.1059987e+01   7.6886967e-03
   3.1039987e+01   7.7723161e-03
   3.1019987e+01   7.8569662e-03
   3.0999987e+01   8.0121534e-03
   3.0979987e+01   8.2117730e-03
   3.0959987e+01   8.5301846e-03
   3.0939987e+01   8.6968626e-03
   3.0919987e+01   8.8658583e-03
   3.0899987e+01   9.0392160e-03
   3.0879987e+01   9.1770313e-03
   3.0859987e+01   9.4111079e-03
   3.0839987e+01   9.5478797e-03
   3.0819987e+01   9.6522658e-03
   3.0799987e+01   9.9054208e-03
   3.0779987e+01   1.0300347e-02
   3.0759987e+01   1.0484602e-02
   3.0739987e+01   1.0807632e-02
   3.0719987e+01   1.1068079e-02
   3.0699987e+01   1.1298817e-02
   3.0679987e+01   1.1531248e-02
   3.0659987e+01   1.1882921e-02
   3.0639987e+01   1.2050795e-02
   3.0619987e+01   1.2298334e-02
   3.0599987e+01   1.2692106e-02
   3.0579987e+01   1.2864663e-02
   3.0559987e+01   1.3081638e-02
   3.0539987e+01   1.3450763e-02
   3.0519987e+01   1.3598080e-02
   3.0499987e+01   1.3857985e-02
   3.0479987e+01   1.4085638e-02
   3.0459987e+01   1.4418677e-02
   3.0439987e+01   1.4744444e-02
   3.0419987e+01   1.4943667e-02
   3.0399987e+01   1.5363661e-02
   3.0379987e+01   1.5602796e-02
   3.0359987e+01   1.5960354e-02
   3.0339987e+01   1.6212490e-02
   3.0319987e+01   1.6461467e-02
   3.0299987e+01   1.6675679e-02
   3.0279987e+01   1.7207328e-02
   3.0259987e+01   1.7466314e-02
   3.0239987e+01   1.7813542e-02
   3.0219987e+01   1.8140968e-02
   3.0199987e+01   1.8379258e-02
   3.0179987e+01   1.8691571e-02
   3.0159987e+01   1.9120320e-02
   3.0139987e+01   1.9584392e-02
   3.0119987e+01   2.0011057e-02
   3.0099987e+01   2.0377926e-02
   3.0079987e+01   2.0716353e-02
   3.0059987e+01   2.1357113e-02
   3.0039987e+01   2.1631961e-02
   3.0019987e+01   2.2060316e-02
   2.9999987e+01   2.2402165e-02
   2.9979987e+01   2.2832815e-02
   2.9959987e+01   2.3260841e-02
   2.9939987e+01   2.3711347e-02
   2.9919987e+01   2.4196616e-02
   2.9899987e+01   2.4718313e-02
   2.9879987e+01   2.5113299e-02
   2.9859987e+01   2.5494126e-02
   2.9839987e+01   2.6001090e-02
   2.9819987e+01   2.6531782e-02
   2.9799987e+01   2.6890195e-02
   2.9779987e+01   2.7267946e-02
   2.9759987e+01   2.7679233e-02
   2.9739987e+01   2.8217226e-02
   2.9719987e+01   2.8680838e-02
   2.9699987e+01   2.9037770e-02
   2.9679987e+01   2.9499087e-02
   2.9659987e+01   2.9862231e-02
   2.9639987e+01   3.0344647e-02
   2.9619987e+01   3.0833054e-02
   2.9599987e+01   3.1438315e-02
   2.9579987e+01   3.1889980e-02
   2.9559987e+01   3.2391167e-02
   2.9539987e+01   3.2899073e-02
   2.9519987e+01   3.3475322e-02
   2.9499987e+01   3.3883951e-02
   2.9479987e+01   3.4440368e-02
   2.9459987e+01   3.5012972e-02
   2.9439987e+01   3.5552268e-02
   2.9419987e+01   3.6068823e-02
   2.9399987e+01   3.6871534e-02
   2.9379987e+01   3.7356081e-02
   2.9359987e+01   3.8049156e-02
   2.9339987e+01   3.8676088e-02
   2.9319987e+01   3.9215634e-02
   2.9299987e+01   3.9872011e-02
   2.9279987e+01   4.0572040e-02
   2.9259987e+01   4.1305094e-02
   2.9239987e+01   4.1937404e-02
   2.9219987e+01   4.2568440e-02
   2.9199987e+01   4.3224692e-02
   2.9179987e+01   4.4140697e-02
   2.9159987e+01   4.4780133e-02
   2.9139987e+01   4.5427140e-02
   2.9119987e+01   4.6211225e-02
   2.9099987e+01   4.7042675e-02
   2.9079987e+01   4.7928827e-02
   2.9059987e+01   4.8662040e-02
   2.9039987e+01   4.9586709e-02
   2.9019987e+01   5.0333423e-02
   2.8999987e+01   5.1227417e-02
   2.8979987e+01   5.2137736e-02
   2.8959987e+01   5.2769875e-02
   2.8939987e+01   5.3698204e-02
   2.8919987e+01   5.4510396e-02
   2.8899987e+01   5.5304595e-02
   2.8879987e+01   5.6039758e-02
   2.8859987e+01   5.7003387e-02
   2.8839987e+01   5.7839504e-02
   2.8819987e+01   5.8677201e-02
   2.8799987e+01   5.9546997e-02
   2.8779987e+01   6.0391144e-02
   2.8759987e+01   6.1359460e-02
   2.8739987e+01   6.2229946e-02
   2.8719987e+01   6.3492291e-02
   2.8699987e+01   6.4453084e-02
   2.8679987e+01   6.5421565e-02
   2.8659987e+01   6.6323202e-02
   2.8639987e+01   6.7439214e-02
   2.8619987e+01   6.8501930e-02
   2.8599987e+01   6.9577383e-02
   2.8579987e+01   7.0602184e-02
   2.8559987e+01   7.2031866e-02
   2.8539987e+01   7.3079654e-02
   2.8519987e+01   7.4312691e-02
   2.8499987e+01   7.5539588e-02
   2.8479987e+01   7.6599827e-02
   2.8459987e+01   7.7826303e-02
   2.8439987e+01   7.8880845e-02
   2.8419987e+01   8.0055003e-02
   2.8399987e+01   8.1131384e-02
   2.8379987e+01   8.2300200e-02
   2.8359987e+01   8.3674289e-02
   2.8339987e+01   8.4968115e-02
   2.8319987e+01   8.6137550e-02
   2.8299987e+01   8.7370472e-02
   2.8279987e+01   8.8759058e-02
   2.8259987e+01   9.0121660e-02
   2.8239987e+01   9.1603552e-02
   2.8219987e+01   9.2891584e-02
   2.8199987e+01   9.4263039e-02
   2.8179987e+01   9.5658597e-02
   2.8159987e+01   9.6989753e-02
   2.8139987e+01   9.8411761e-02
   2.8119987e+01   9.9803551e-02
   2.8099987e+01   1.0118883e-01
   2.8079987e+01   1.0261728e-01
   2.8059987e+01   1.0401501e-01
   2.8039987e+01   1.0579902e-01
   2.8019987e+01   1.0717661e-01
   2.7999987e+01   1.0909501e-01
   2.7979987e+01   1.1074048e-01
   2.7959987e+01   1.1227078e-01
   2.7939987e+01   1.1390105e-01
   2.7919987e+01   1.1563792e-01
   2.7899987e+01   1.1728057e-01
   2.7879987e+01   1.1883351e-01
   2.7859987e+01   1.2029340e-01
   2.7839987e+01   1.2213873e-01
   2.7819987e+01   1.2382571e-01
   2.7799987e+01   1.2553365e-01
   2.7779987e+01   1.2747327e-01
   2.7759987e+01   1.2935048e-01
   2.7739987e+01   1.3123239e-01
   2.7719987e+01   1.3318875e-01
   2.7699987e+01   1.3516921e-01
   2.7679987e+01   1.3698766e-01
   2.7659987e+01   1.3926179e-01
   2.7639987e+01   1.4117886e-01
   2.7619987e+01   1.4351572e-01
   2.7599987e+01   1.4548956e-01
   2.7579987e+01   1.4761852e-01
   2.7559987e+01   1.4976800e-01
   2.7539987e+01   1.5193098e-01
   2.7519987e+01   1.5408054e-01
   2.7499987e+01   1.5614274e-01
   2.7479987e+01   1.5831406e-01
   2.7459987e+01   1.6064698e-01
   2.7439987e+01   1.6291932e-01
   2.7419987e+01   1.6521157e-01
   2.7399987e+01   1.6745366e-01
   2.7379987e+01   1.7003205e-01
   2.7359987e+01   1.7232323e-01
   2.7339987e+01   1.7486990e-01
   2.7319987e+01   1.7736468e-01
   2.7299987e+01   1.7996839e-01
   2.7279987e+01   1.8278172e-01
   2.7259987e+01   1.8562219e-01
   2.7239987e+01   1.8825044e-01
   2.7219987e+01   1.9088514e-01
   2.7199987e+01   1.9362851e-01
   2.7179987e+01   1.9640061e-01
   2.7159987e+01   1.9939242e-01
   2.7139987e+01   2.0225621e-01
   2.7119987e+01   2.0512238e-01
   2.7099987e+01   2.0796233e-01
   2.7079987e+01   2.1080616e-01
   2.7059987e+01   2.1383473e-01
   2.7039987e+01   2.1705233e-01
   2.7019987e+01   2.2020381e-01
   2.6999987e+01   2.2336423e-01
   2.6979987e+01   2.2652532e-01
   2.6959987e+01   2.2971111e-01
   2.6939987e+01   2.3303627e-01
   2.6919987e+01   2.3643903e-01
   2.6899987e+01   2.3991852e-01
   2.6879987e+01   2.4353222e-01
   2.6859987e+01   2.4735325e-01
   2.6839987e+01   2.5100552e-01
   2.6819987e+01   2.5471107e-01
   2.6799987e+01   2.5839322e-01
   2.6779987e+01   2.6224151e-01
   2.6759987e+01   2.6614971e-01
   2.6739987e+01   2.7002269e-01
   2.6719987e+01   2.7374125e-01
   2.6699987e+01   2.7780885e-01
   2.6679987e+01   2.8211379e-01
   2.6659987e+01   2.8614693e-01
   2.6639987e+01   2.9019358e-01
   2.6619987e+01   2.9440802e-01
   2.6599987e+01   2.9853267e-01
   2.6579987e+01   3.0280611e-01
   2.6559987e+01   3.0717341e-01
   2.6539987e+01   3.1154655e-01
   2.6519987e+01   3.1618278e-01
   2.6499987e+01   3.2078138e-01
   2.6479987e+01   3.2552507e-01
   2.6459987e+01   3.3025738e-01
   2.6439987e+01   3.3516943e-01
   2.6419987e+01   3.4003784e-01
   2.6399987e+01   3.4485713e-01
   2.6379987e+01   3.4980701e-01
   2.6359987e+01   3.5557673e-01
   2.6339987e+01   3.6064716e-01
   2.6319987e+01   3.6623922e-01
   2.6299987e+01   3.7179245e-01
   2.6279987e+01   3.7710245e-01
   2.6259987e+01   3.8246380e-01
   2.6239987e+01   3.8840826e-01
   2.6219987e+01   3.9431089e-01
   2.6199987e+01   4.0019652e-01
   2.6179987e+01   4.0593253e-01
   2.6159987e+01   4.1177002e-01
   2.6139987e+01   4.1813543e-01
   2.6119987e+01   4.2415705e-01
   2.6099987e+01   4.3033385e-01
   2.6079987e+01   4.3649258e-01
   2.6059987e+01   4.4297493e-01
   2.6039987e+01   4.4959503e-01
   2.6019987e+01   4.5609694e-01
   2.5999987e+01   4.6276625e-01
   2.5979987e+01   4.6974693e-01
   2.5959987e+01   4.7681716e-01
   2.5939987e+01   4.8367681e-01
   2.5919987e+01   4.9097272e-01
   2.5899987e+01   4.9824268e-01
   2.5879987e+01   5.0569037e-01
   2.5859987e+01   5.1312480e-01
   2.5839987e+01   5.2100557e-01
   2.5819987e+01   5.2866714e-01
   2.5799987e+01   5.3669895e-01
   2.5779987e+01   5.4459692e-01
   2.5759987e+01   5.5268564e-01
   2.5739987e+01   5.6085432e-01
   2.5719987e+01   5.6930885e-01
   2.5699987e+01   5.7790863e-01
   2.5679987e+01   5.8668990e-01
   2.5659987e+01   5.9548615e-01
   2.5639987e+01   6.0434246e-01
   2.5619987e+01   6.1333655e-01
   2.5599987e+01   6.2249778e-01
   2.5579987e+01   6.3175675e-01
   2.5559987e+01   6.4123609e-01
   2.5539987e+01   6.5089625e-01
   2.5519987e+01   6.6057158e-01
   2.5499987e+01   6.7053070e-01
   2.5479987e+01   6.8076240e-01
   2.5459987e+01   6.9111333e-01
   2.5439987e+01   7.0186715e-01
   2.5419987e+01   7.1231036e-01
   2.5399987e+01   7.2301663e-01
   2.5379987e+01   7.3378969e-01
   2.5359987e+01   7.4492660e-01
   2.5339987e+01   7.5629870e-01
   2.5319987e+01   7.6774883e-01
   2.5299987e+01   7.7922585e-01
   2.5279987e+01   7.9098280e-01
   2.5259987e+01   8.0308551e-01
   2.5239987e+01   8.1501479e-01
   2.5219987e+01   8.2732142e-01
   2.5199987e+01   8.3969898e-01
   2.5179987e+01   8.5234596e-01
   2.5159987e+01   8.6531999e-01
   2.5139987e+01   8.7814463e-01
   2.5119987e+01   8.9158421e-01
   2.5099987e+01   9.0481757e-01
   2.5079987e+01   9.1859771e-01
   2.5059987e+01   9.3249553e-01
   2.5039987e+01   9.4640800e-01
   2.5019987e+01   9.6083997e-01
   2.4999987e+01   9.7506487e-01
   2.4979987e+01   9.8950124e-01
   2.4959987e+01   1.0042016e+00
   2.4939987e+01   1.0191549e+00
   2.4919987e+01   1.0342343e+00
   2.4899987e+01   1.0492727e+00
   2.4879987e+01   1.0646382e+00
   2.4859987e+01   1.0801929e+00
   2.4839987e+01   1.0961729e+00
   2.4819987e+01   1.1121802e+00
   2.4799987e+01   1.1286474e+00
   2.4779987e+01   1.1449582e+00
   2.4759987e+01   1.1614245e+00
   2.4739987e+01   1.1781020e+00
   2.4719987e+01   1.1951197e+00
   2.4699987e+01   1.2121230e+00
   2.4679987e+01   1.2292454e+00
   2.4659987e+01   1.2465197e+00
   2.4639987e+01   1.2640654e+00
   2.4619987e+01   1.2816426e+00
   2.4599987e+01   1.2994383e+00
   2.4579987e+01   1.3171819e+00
   2.4559987e+01   1.3347436e+00
   2.4539987e+01   1.3526627e+00
   2.4519987e+01   1.3704035e+00
   2.4499987e+01   1.3881388e+00
   2.4479987e+01   1.4057291e+00
   2.4459987e+01   1.4237439e+00
   2.4439987e+01   1.4416081e+00
   2.4419987e+01   1.4594117e+00
   2.4399987e+01   1.4770051e+00
   2.4379987e+01   1.4948054e+00
   2.4359987e+01   1.5121811e+00
   2.4339987e+01   1.5294543e+00
   2.4319987e+01   1.5468389e+00
   2.4299987e+01   1.5632468e+00
   2.4279987e+01   1.5794739e+00
   2.4259987e+01   1.5953049e+00
   2.4239987e+01   1.6106649e+00
   2.4219987e+01   1.6254698e+00
   2.4199987e+01   1.6396217e+00
   2.4179987e+01   1.6531731e+00
   2.4159987e+01   1.6659964e+00
   2.4139987e+01   1.6776054e+00
   2.4119987e+01   1.6887325e+00
   2.4099987e+01   1.6986455e+00
   2.4079987e+01   1.7077979e+00
   2.4059987e+01   1.7155740e+00
   2.4039987e+01   1.7215545e+00
   2.4019987e+01   1.7262010e+00
   2.3999987e+01   1.7292951e+00
   2.3979987e+01   1.7304052e+00
   2.3959987e+01   1.7293696e+00
   2.3939987e+01   1.7258862e+00
   2.3919987e+01   1.7201137e+00
   2.3899987e+01   1.7114564e+00
   2.3879987e+01   1.6999783e+00
   2.3859987e+01   1.6854926e+00
   2.3839987e+01   1.6672727e+00
   2.3819987e+01   1.6450597e+00
   2.3799987e+01   1.6188104e+00
   2.3779987e+01   1.5877484e+00
   2.3759987e+01   1.5513242e+00
   2.3739987e+01   1.5100301e+00
   2.3719987e+01   1.4622086e+00
   2.3699987e+01   1.4080508e+00
   2.3679987e+01   1.3463849e+00
   2.3659987e+01   1.2772400e+00
   2.3639987e+01   1.1994535e+00
   2.3619987e+01   1.1125558e+00
   2.3599987e+01   1.0151134e+00
   2.3579987e+01   9.0663499e-01
   2.3559987e+01   7.8608329e-01
   2.3539987e+01   6.5258149e-01
   2.3519987e+01   5.0453366e-01
   2.3499987e+01   3.4082431e-01
   2.3479987e+01   1.5975415e-01
   2.3459987e+01  -3.9749823e-02
   2.3439987e+01  -2.5996106e-01
   2.3419987e+01  -5.0223176e-01
   2.3399987e+01  -7.6898642e-01
   2.3379987e+01  -1.0623807e+00
   2.3359987e+01  -1.3844722e+00
   2.3339987e+01  -1.7384173e+00
   2.3319987e+01  -2.1276426e+00
   2.3299987e+01  -2.5551967e+00
   2.3279987e+01  -3.0244162e+00
   2.3259987e+01  -3.5394915e+00
   2.3239987e+01  -4.1044229e+00
   2.3219987e+01  -4.7247230e+00
   2.3199987e+01  -5.4056806e+00
   2.3179987e+01  -6.1532307e+00
   2.3159987e+01  -6.9739454e+00
   2.3139987e+01  -7.8747659e+00
   2.3119987e+01  -8.8635387e+00
   2.3099987e+01  -9.9498283e+00
   2.3079987e+01  -1.1143135e+01
   2.3059987e+01  -1.2454777e+01
   2.3039987e+01  -1.3896487e+01
   2.3019987e+01  -1.5481791e+01
   2.2999987e+01  -1.7225928e+01
   2.2979987e+01  -1.9145411e+01
   2.2959987e+01  -2.1259119e+01
   2.2939987e+01  -2.3587696e+01
   2.2919987e+01  -2.6155163e+01
   2.2899987e+01  -2.8987241e+01
   2.2879987e+01  -3.2112924e+01
   2.2859987e+01  -3.5565008e+01
   2.2839987e+01  -3.9379871e+01
   2.2819987e+01  -4.3598973e+01
   2.2799987e+01  -4.8268731e+01
   2.2779987e+01  -5.3441002e+01
   2.2759987e+01  -5.9174315e+01
   2.2739987e+01  -6.5535577e+01
   2.2719987e+01  -7.2599156e+01
   2.2699987e+01  -8.0449625e+01
   2.2679987e+01  -8.9182941e+01
   2.2659987e+01  -9.8907573e+01
   2.2639987e+01  -1.0974688e+02
   2.2619987e+01  -1.2184138e+02
   2.2599987e+01  -1.3535019e+02
   2.2579987e+01  -1.5045557e+02
   2.2559987e+01  -1.6736483e+02
   2.2539987e+01  -1.8631567e+02
   2.2519987e+01  -2.0758028e+02
   2.2499987e+01  -2.3146983e+02
   2.2479987e+01  -2.5834233e+02
   2.2459987e+01  -2.8860901e+02
   2.2439987e+01  -3.2274350e+02
   2.2419987e+01  -3.6129392e+02
   2.2399987e+01  -4.0489127e+02
   2.2379987e+01  -4.5426725e+02
   2.2359987e+01  -5.1027045e+02
   2.2339987e+01  -5.7388552e+02
   2.2319987e+01  -6.4625793e+02
   2.2299987e+01  -7.2872410e+02
   2.2279987e+01  -8.2284425e+02
   2.2259987e+01  -9.3044307e+02
   2.2239987e+01  -1.0536594e+03
   2.2219987e+01  -1.1950044e+03
   2.2199987e+01  -1.3574340e+03
   2.2179987e+01  -1.5444322e+03
   2.2159987e+01  -1.7601152e+03
   2.2139987e+01  -2.0093554e+03
   2.2119987e+01  -2.2979338e+03
   2.2099987e+01  -2.6327233e+03
   2.2079987e+01  -3.0219122e+03
   2.2059987e+01  -3.4752789e+03
   2.2039987e+01  -4.0045280e+03
   2.2019987e+01  -4.6237007e+03
   2.1999987e+01  -5.3496816e+03
   2.1979987e+01  -6.2028254e+03
   2.1959987e+01  -7.2077290e+03
   2.1939987e+01  -8.3941927e+03
   2.1919987e+01  -9.7984122e+03
   2.1899987e+01  -1.1464471e+04
   2.1879987e+01  -1.3446199e+04
   2.1859987e+01  -1.5809514e+04
   2.1839987e+01  -1.8635365e+04
   2.1819987e+01  -2.2023439e+04
   2.1799987e+01  -2.6096875e+04
   2.1779987e+01  -3.1008230e+04
   2.1759987e+01  -3.6947106e+04
   2.1739987e+01  -4.4149888e+04
   2.1719987e+01  -5.2912257e+04
   2.1699987e+01  -6.3605299e+04
   2.1679987e+01  -7.6696343e+04
   2.1659987e+01  -9.2776001e+04
   2.1639987e+01  -1.1259340e+05
   2.1619987e+01  -1.3710230e+05
   2.1599987e+01  -1.6752161e+05
   2.1579987e+01  -2.0541530e+05
   2.1559987e+01  -2.5279828e+05
   2.1539987e+01  -3.1227727e+05
   2.1519987e+01  -3.8723926e+05
   2.1499987e+01  -4.8210471e+05
   2.1479987e+01  -6.0266956e+05
   2.1459987e+01  -7.5656938e+05
   2.1439987e+01  -9.5391290e+05
   2.1419987e+01  -1.2081513e+06
   2.1399987e+01  -1.5372778e+06
   2.1379987e+01  -1.9654932e+06
   2.1359987e+01  -2.5255322e+06
   2.1339987e+01  -3.2619330e+06
   2.1319987e+01  -4.2356646e+06
   2.1299987e+01  -5.5307183e+06
   2.1279987e+01  -7.2635674e+06
   2.1259987e+01  -9.5968408e+06
   2.1239987e+01  -1.2759244e+07
   2.1219987e+01  -1.7074819e+07
   2.1199987e+01  -2.3006271e+07
   2.1179987e+01  -3.1219722e+07
   2.1159987e+01  -4.2682341e+07
   2.1139987e+01  -5.8811010e+07
   2.1119987e+01  -8.1700965e+07
   2.1099987e+01  -1.1448123e+08
   2.1079987e+01  -1.6187327e+08
   2.1059987e+01  -2.3107953e+08
   2.1039987e+01  -3.3321402e+08
   2.1019987e+01  -4.8563605e+08
   2.0999987e+01  -7.1580986e+08
   2.0979987e+01  -1.0677815e+09
   2.0959987e+01  -1.6132167e+09
   2.0939987e+01  -2.4705231e+09
   2.0919987e+01  -3.8385597e+09
   2.0899987e+01  -6.0571765e+09
   2.0879987e+01  -9.7181225e+09
   2.0859987e+01  -1.5872593e+10
   2.0839987e+01  -2.6428593e+10
   2.0819987e+01  -4.4930665e+10
   2.0799987e+01  -7.8131020e+10
   2.0779987e+01  -1.3924770e+11
   2.0759987e+01  -2.5493556e+11
   2.0739987e+01  -4.8071785e+11
   2.0719987e+01  -9.3644597e+11
   2.0699987e+01  -1.8911962e+12
   2.0679987e+01  -3.9759687e+12
   2.0659987e+01  -8.7441790e+12
   2.0639987e+01  -2.0234496e+13
   2.0619987e+01  -4.9615146e+13
   2.0599987e+01  -1.3002149e+14
   2.0579987e+01  -3.6806331e+14
   2.0559987e+01  -1.1407063e+15
   2.0539987e+01  -3.9380274e+15
   2.0519987e+01  -1.5492664e+16
   2.0499987e+01  -7.1632302e+16
   2.0479987e+01  -4.0644728e+17
   2.0459987e+01  -3.0151747e+18
   2.0439987e+01  -3.2260321e+19
   2.0419987e+01  -5.8681182e+20
   2.0399987e+01  -2.4700311e+22
   2.0379987e+01  -4.8071624e+24
   2.0359987e+01  -3.9380275e+28
   2.0339987e+01             NaN
   2.0319987e+01   3.9380275e+28
   2.0299987e+01   4.8071624e+24
   2.0279987e+01   2.4700311e+22
   2.0259987e+01   5.8681182e+20
   2.0239987e+01   3.2260321e+19
   2.0219987e+01   3.0151747e+18
   2.0199987e+01   4.0644728e+17
   2.0179987e+01   7.1632302e+16
   2.0159987e+01   1.5492664e+16
   2.0139987e+01   3.9380274e+15
   2.0119987e+01   1.1407062e+15
   2.0099987e+01   3.6806330e+14
   2.0079987e+01   1.3002148e+14
   2.0059987e+01   4.9615132e+13
   2.0039987e+01   2.0234485e+13
   2.0019987e+01   8.7441697e+12
   1.9999987e+01   3.9759614e+12
   1.9979987e+01   1.8911908e+12
   1.9959987e+01   9.3644213e+11
   1.9939987e+01   4.8071526e+11
   1.9919987e+01   2.5493381e+11
   1.9899987e+01   1.3924628e+11
   1.9879987e+01   7.8129319e+10
   1.9859987e+01   4.4927951e+10
   1.9839987e+01   2.6423986e+10
   1.9819987e+01   1.5865019e+10
   1.9799987e+01   9.7062622e+09
   1.9779987e+01   6.0393761e+09
   1.9759987e+01   3.8127162e+09
   1.9739987e+01   2.4339200e+09
   1.9719987e+01   1.5622968e+09
   1.9699987e+01   9.9783232e+08
   1.9679987e+01   6.2052729e+08
   1.9659987e+01   3.5651773e+08
   1.9639987e+01   1.5871449e+08
   1.9619987e+01  -4.5711448e+06
   1.9599987e+01  -1.5658054e+08
   1.9579987e+01  -3.1664382e+08
   1.9559987e+01  -5.0347728e+08
   1.9539987e+01  -7.3799038e+08
   1.9519987e+01  -1.0461431e+09
   1.9499987e+01  -1.4623244e+09
   1.9479987e+01  -2.0337467e+09
   1.9459987e+01  -2.8264559e+09
   1.9439987e+01  -3.9337382e+09
   1.9419987e+01  -5.4879729e+09
   1.9399987e+01  -7.6773353e+09
   1.9379987e+01  -1.0769200e+10
   1.9359987e+01  -1.5142591e+10
   1.9339987e+01  -2.1332490e+10
   1.9319987e+01  -3.0088997e+10
   1.9299987e+01  -4.2453873e+10
   1.9279987e+01  -5.9855066e+10
   1.9259987e+01  -8.4215234e+10
   1.9239987e+01  -1.1806117e+11
   1.9219987e+01  -1.6460524e+11
   1.9199987e+01  -2.2774507e+11
   1.9179987e+01  -3.1189405e+11
   1.9159987e+01  -4.2151714e+11
   1.9139987e+01  -5.6021979e+11
   1.9119987e+01  -7.2925456e+11
   1.9099987e+01  -9.2541739e+11
   1.9079987e+01  -1.1385574e+12
   1.9059987e+01  -1.3493347e+12
   1.9039987e+01  -1.5283440e+12
   1.9019987e+01  -1.6380215e+12
   1.8999987e+01  -1.6384715e+12
   1.8979987e+01  -1.4971447e+12
   1.8959987e+01  -1.2002810e+12
   1.8939987e+01  -7.6204399e+11
   1.8919987e+01  -2.2674127e+11
   1.8899987e+01   3.3850143e+11
   1.8879987e+01   8.5921040e+11
   1.8859987e+01   1.2717894e+12
   1.8839987e+01   1.5376877e+12
   1.8819987e+01   1.6487835e+12
   1.8799987e+01   1.6234682e+12
   1.8779987e+01   1.4966672e+12
   1.8759987e+01   1.3084757e+12
   1.8739987e+01   1.0951560e+12
   1.8719987e+01   8.8414232e+11
   1.8699987e+01   6.9280204e+11
   1.8679987e+01   5.2969514e+11
   1.8659987e+01   3.9694020e+11
   1.8639987e+01   2.9266303e+11
   1.8619987e+01   2.1298590e+11
   1.8599987e+01   1.5339719e+11
   1.8579987e+01   1.0956089e+11
   1.8559987e+01   7.7710376e+10
   1.8539987e+01   5.4775534e+10
   1.8519987e+01   3.8361089e+10
   1.8499987e+01   2.6656472e+10
   1.8479987e+01   1.8325036e+10
   1.8459987e+01   1.2397724e+10
   1.8439987e+01   8.1819049e+09
   1.8419987e+01   5.1881312e+09
   1.8399987e+01   3.0736256e+09
   1.8379987e+01   1.5997878e+09
   1.8359987e+01   6.0077007e+08
   1.8339987e+01  -3.9514147e+07
   1.8319987e+01  -4.0405001e+08
   1.8299987e+01  -5.5462441e+08
   1.8279987e+01  -5.4010460e+08
   1.8259987e+01  -4.0190388e+08
   1.8239987e+01  -1.7724321e+08
   1.8219987e+01   9.9289516e+07
   1.8199987e+01   3.9542382e+08
   1.8179987e+01   6.8169417e+08
   1.8159987e+01   9.3231392e+08
   1.8139987e+01   1.1260711e+09
   1.8119987e+01   1.2469684e+09
   1.8099987e+01   1.2844404e+09
   1.8079987e+01   1.2331038e+09
   1.8059987e+01   1.0920974e+09
   1.8039987e+01   8.6414876e+08
   1.8019987e+01   5.5453211e+08
   1.7999987e+01   1.7008109e+08
